12 15 29 430422
12 17 29 423810
12 16 29 421175
12 15 30 418742
12 14 29 393726
12 10 34 391561
12 15 31 375683
12 16 28 370938
12 9 29 369272
12 12 30 365596
12 14 30 360013
12 7 30 357566
12 11 33 347164
12 13 30 346484
12 14 31 341248
12 11 34 339319
12 10 33 337637
12 9 28 335132
12 11 32 333328
12 5 30 330820
12 11 35 329387
12 17 28 326731
12 14 28 321213
12 15 28 317134
12 7 29 313612
12 8 29 313444
12 7 31 312348
12 6 30 309260
12 10 35 309109
12 6 29 308863
12 6 31 302544
12 13 31 302250
12 5 31 302188
12 12 31 299747
12 10 32 298026
12 6 28 295946
12 8 28 275796
12 7 28 275019
12 4 30 268807
12 4 31 244311
40 1 2 235610
40 0 2 231630
0 7 10 195966
0 8 9 191405
0 2 7 171402
0 13 14 169707
0 2 5 168868
0 7 8 167652
0 17 15 157348
0 9 12 153520
0 11 15 152604
0 3 7 149958
0 3 4 149643
0 16 7 149481
0 3 6 149220
0 17 16 149168
0 14 15 149135
0 3 2 148611
0 9 14 147733
0 11 6 147555
0 5 11 147316
0 12 15 147235
0 16 14 146938
0 13 6 146678
0 8 13 146635
0 10 16 146620
0 2 4 146072
0 16 16 145955
0 6 13 145943
0 1 3 145516
0 10 15 145468
0 16 6 144362
0 18 15 144084
0 13 15 143880
0 10 5 143865
0 6 12 143745
0 12 12 143743
0 14 16 143351
0 15 15 142737
0 16 12 142499
0 2 3 142371
0 16 15 142162
0 5 6 141904
0 9 15 141876
0 9 7 141674
0 2 14 141635
0 9 13 141212
0 8 10 141082
0 6 11 141043
0 2 8 140758
0 11 16 140622
0 18 12 140621
0 17 14 140605
0 3 13 140419
0 12 14 140339
0 17 6 140000
0 7 12 139919
0 8 14 138368
0 9 10 138123
0 3 10 138054
0 5 10 137986
0 6 10 137885
0 17 12 137293
0 2 16 137250
0 13 7 137231
0 11 4 137182
0 2 2 136966
0 18 14 136824
0 7 13 136778
0 7 11 136690
0 8 12 136617
0 2 6 136549
0 8 8 136511
0 1 2 136392
0 3 3 136330
0 15 16 136184
0 8 6 135739
0 2 15 135707
0 9 11 135627
0 16 8 135301
0 3 12 135252
0 18 6 135169
0 3 8 135036
0 5 13 134965
0 4 11 134878
0 1 14 134877
0 10 4 134832
0 9 6 134743
0 16 13 134674
0 8 7 134661
0 12 16 134594
0 5 7 134424
0 17 11 134221
0 9 9 134193
0 10 14 134188
0 1 12 134074
0 3 15 134022
0 1 4 134001
0 13 16 133985
0 17 10 133895
0 5 8 133711
0 4 8 133645
0 11 2 133623
0 2 10 133613
0 4 12 133541
0 16 10 133532
0 8 15 133304
0 18 10 133137
0 8 11 133048
0 8 2 132983
0 14 14 132801
0 3 17 132630
0 16 9 132571
0 17 7 132553
0 15 14 132373
0 1 15 132133
0 17 8 132071
0 18 8 131894
0 9 8 131894
0 17 13 131832
0 18 16 131752
0 8 16 131648
0 2 12 131557
0 1 6 131428
0 18 9 131132
0 2 9 130892
0 18 13 130851
0 12 6 130828
0 1 7 130566
0 10 2 130499
0 6 8 130246
0 1 5 130195
0 18 7 129714
0 18 4 129467
0 14 6 129183
0 2 13 129036
0 2 11 128751
0 1 9 128698
0 10 12 128688
0 5 12 128687
0 1 13 128660
0 7 7 128642
0 17 2 128371
0 13 12 127970
0 17 5 127935
0 17 3 127766
0 15 7 127761
0 1 8 127609
0 3 16 127608
0 1 11 127136
0 11 14 126811
0 16 11 126700
0 17 9 126528
0 17 4 126309
0 11 12 126264
0 10 3 125705
0 18 11 125559
0 12 7 125503
0 8 5 125491
0 4 7 125472
0 1 10 125226
0 5 2 125054
0 9 4 124755
0 18 3 124403
0 14 7 124225
0 15 6 124098
0 3 9 124090
0 1 16 124026
0 18 2 123967
0 9 16 123658
0 10 6 123613
0 6 7 123427
0 4 10 123050
0 6 6 122905
0 11 7 122753
0 2 17 122373
0 8 3 122278
0 14 12 122094
0 10 7 121580
0 4 2 121513
0 16 4 121344
0 7 2 121227
0 6 2 121200
0 4 6 121026
0 9 3 120928
12 17 30 120792
0 18 5 120355
0 3 14 120244
0 3 11 120079
0 4 13 119357
0 11 3 119054
0 16 2 118797
0 16 3 118590
12 16 30 118371
0 9 2 117944
12 17 31 117748
0 11 1 117195
0 8 4 116547
0 16 5 115181
0 9 5 115150
0 7 6 114950
0 15 2 114633
12 16 31 114558
0 15 12 112595
0 10 1 108694
0 13 2 107925
12 10 31 107546
0 11 0 106510
12 11 31 106102
12 11 30 105928
0 14 2 104938
0 10 0 104881
0 12 2 104240
12 13 29 101776
12 13 28 101718
12 11 29 101292
12 11 28 100718
40 4 1 100172
40 5 3 99355
12 10 28 98661
12 10 30 98086
12 12 28 95619
12 8 31 95185
12 10 29 94525
12 9 31 93711
12 5 29 93692
40 6 2 93123
12 12 29 93045
40 4 2 92907
37 5 3 92151
37 5 5 89142
12 8 30 88964
12 9 30 87702
12 5 28 87432
12 4 28 84658
12 4 29 84425
40 5 11 82732
40 3 2 82689
40 9 2 82222
37 6 4 80642
40 2 2 80427
39 2 7 79828
40 5 1 78397
37 2 7 74279
12 8 27 74271
40 6 4 72602
37 7 1 72055
38 7 1 71316
40 2 9 69238
40 2 8 68741
40 3 8 68219
40 7 2 66047
40 8 2 65998
40 9 8 65897
40 4 6 65445
39 2 2 64650
40 8 8 63421
39 2 4 62919
39 3 1 62579
40 6 8 62029
37 3 2 62941
40 7 8 61657
40 0 8 61493
12 7 27 61402
37 1 2 61535
40 5 5 61079
40 0 3 60975
40 0 4 60570
40 3 4 60361
39 6 1 59581
38 4 5 59003
40 7 10 58421
39 1 3 58197
39 0 2 58065
38 3 6 58018
12 6 27 57500
39 1 2 57479
40 1 4 57035
40 6 5 56624
39 3 2 56599
40 1 3 56006
40 2 3 55978
40 2 4 55406
40 9 4 55105
37 0 2 55306
40 4 4 54512
40 3 3 53962
40 7 4 53869
40 4 9 53804
39 1 4 53444
40 4 5 52874
40 9 10 52756
39 2 6 52678
40 1 5 52638
40 5 4 52401
12 6 26 52083
40 8 9 52004
39 1 5 51937
40 5 9 51755
40 4 3 51512
38 2 5 52195
40 7 9 51376
39 2 1 51316
40 5 10 51268
40 7 5 50913
39 0 4 50348
12 7 26 49760
40 7 11 49334
40 3 10 49325
40 4 8 49281
39 1 7 49264
40 0 5 49056
40 4 7 49049
40 2 5 49040
40 0 11 49015
40 1 8 48563
40 3 5 48461
37 1 6 48441
37 2 6 48036
40 5 7 47654
37 0 6 47697
40 9 3 47601
38 0 2 48288
39 5 2 47466
40 5 8 47313
40 6 10 47259
40 3 9 47195
37 1 4 47135
40 8 4 46815
40 6 9 46784
40 5 6 46566
40 9 9 46538
40 1 9 46432
37 1 7 46349
40 8 11 46025
12 8 26 46015
39 2 5 45871
39 1 6 45776
39 7 2 45519
39 0 5 45491
40 1 10 45477
37 0 4 45387
37 1 5 44868
37 2 3 45060
39 5 5 44753
37 1 3 44732
37 0 7 44524
40 0 9 44499
37 2 4 44190
40 0 10 44012
39 5 1 43889
40 9 11 43847
39 0 3 43801
39 6 2 43330
40 4 10 43241
37 2 2 43413
39 4 2 42581
12 6 24 42505
40 9 5 42454
37 0 3 42429
40 6 11 42378
39 5 4 41786
37 0 5 41975
38 4 3 41654
39 6 4 41181
38 3 7 41182
40 2 11 40804
39 6 3 40518
38 2 6 40925
38 1 3 40485
38 2 4 40140
40 8 5 40007
38 5 5 40370
38 4 2 40127
38 1 4 40000
38 5 6 40226
38 5 3 40033
38 1 2 40003
39 4 5 39175
39 3 5 39155
37 3 3 39269
39 3 6 39023
38 2 7 39398
38 6 4 39256
37 2 5 38996
37 7 2 39578
37 4 1 39889
38 3 3 38967
38 1 6 38793
38 1 5 38777
38 4 7 38875
38 5 1 38418
38 0 3 37957
39 6 5 37722
38 5 4 37792
38 2 3 37753
39 7 3 37468
38 0 4 38228
38 7 4 37821
37 4 2 38272
38 4 6 38386
12 6 25 37269
38 0 5 37591
40 3 11 37014
38 6 3 37257
38 4 4 37350
39 5 3 36722
38 4 1 36706
38 7 5 37426
37 5 2 36674
37 6 2 36733
12 8 25 36029
39 5 6 35998
38 2 2 36309
38 1 7 36203
38 6 1 36270
38 3 2 35825
39 4 1 35286
38 3 1 35880
38 7 3 34879
37 4 3 34711
39 6 6 34305
38 7 2 34304
38 6 2 34228
38 6 5 34067
38 5 2 34274
37 6 1 34383
12 7 25 33285
39 4 6 33266
37 6 3 33628
39 7 4 32703
12 9 26 32648
37 6 6 32376
38 5 7 33698
37 7 6 32188
39 5 7 32171
37 7 5 31744
38 7 6 32331
37 5 1 32378
12 7 24 31595
37 7 3 31781
37 7 4 31581
12 12 24 30981
12 8 24 30980
39 7 5 30832
37 5 6 30398
37 6 5 30116
38 7 7 31239
39 6 7 29864
39 4 7 29366
37 3 6 29097
37 5 7 28996
37 6 7 27494
37 2 1 28023
40 1 11 27270
12 13 22 27219
37 4 6 26511
12 12 25 26019
37 7 7 25950
40 4 11 25839
12 9 25 24444
39 3 7 24198
12 13 24 23884
12 9 24 23459
37 4 7 23405
39 13 5 23298
40 12 11 23067
12 13 25 21425
12 5 25 20903
0 13 5 20431
12 10 25 20147
0 12 11 20098
12 4 25 19727
12 4 24 19654
37 3 7 19341
0 5 5 19165
12 5 24 18487
12 12 23 18349
12 14 23 18320
12 14 25 18253
12 10 24 17604
12 12 22 16123
12 14 22 15642
12 13 23 15332
12 15 23 15123
12 15 24 14567
12 5 26 14037
12 10 26 13297
12 14 24 12806
12 11 25 11575
12 4 26 11382
12 11 24 11148
12 15 22 9901
12 15 25 9185
12 11 26 7363
12 12 20 7066
12 4 21 7004
12 6 22 6670
12 7 20 6470
12 8 20 6444
12 6 21 6438
12 10 22 6246
12 5 21 5959
12 9 21 5889
12 7 22 5863
12 8 21 5704
12 9 20 5693
12 13 21 5666
12 13 20 5518
12 7 21 5499
12 12 21 5497
12 5 22 5485
12 14 21 5266
12 10 20 5249
12 11 21 5215
12 11 22 5170
12 15 20 5049
12 10 21 4945
12 4 22 4910
12 4 20 4800
12 9 22 4790
12 15 21 4710
12 5 20 4668
12 6 20 4597
12 12 26 4461
12 11 20 4286
12 8 22 4179
12 14 20 3443
12 17 21 3057
12 17 24 3013
12 16 25 2762
12 17 20 2656
12 16 20 2621
12 16 24 2514
12 17 25 2508
12 5 19 2398
12 13 26 2267
12 5 17 2011
12 14 26 1991
12 13 7 1908
12 16 22 1737
12 16 21 1649
12 17 15 1643
12 10 27 1491
12 5 18 1471
12 17 22 1453
12 17 9 1449
12 17 8 1374
12 17 16 1276
12 16 14 1234
12 15 8 1180
12 17 12 1161
12 15 26 1139
12 5 27 1139
12 16 15 1099
12 4 27 1088
12 17 14 1081
12 16 26 1025
12 9 17 1022
12 17 26 1004
12 9 19 969
12 17 13 942
12 8 18 850
12 9 18 829
12 6 18 817
12 15 9 808
0 0 0 656
12 11 27 632
12 6 16 535
12 7 14 529
12 6 15 502
12 4 18 451
12 8 16 433
12 12 27 418
12 7 18 410
12 6 17 410
12 11 15 364
12 10 15 357
12 5 15 334
12 9 15 331
12 4 17 316
12 16 10 305
12 11 18 289
12 4 15 288
12 9 14 282
12 14 27 277
12 4 14 244
12 9 16 242
12 8 17 238
12 7 15 229
12 15 11 224
12 15 10 213
12 17 11 213
12 13 27 198
12 17 10 194
12 16 23 192
12 8 15 168
12 17 23 163
12 5 16 162
12 10 16 161
12 10 14 157
12 13 11 153
12 10 17 147
12 10 18 141
12 16 9 133
12 6 14 133
12 14 7 128
12 4 16 122
12 12 17 119
12 12 18 115
12 17 27 112
12 11 17 106
12 14 14 100
12 15 27 98
12 13 14 87
12 16 18 81
12 8 19 80
12 8 14 80
12 7 16 74
12 7 17 70
12 4 19 67
12 14 11 67
12 6 19 66
12 12 19 65
12 16 27 64
12 13 18 55
12 14 10 51
12 17 7 40
12 16 16 40
12 12 16 38
12 15 7 36
12 16 7 36
12 16 13 34
12 13 17 34
12 10 19 32
12 16 12 25
12 16 17 25
12 16 11 21
12 11 14 21
12 15 18 20
12 15 12 19
12 12 14 19
12 12 7 19
12 14 8 17
12 14 13 17
12 14 9 17
12 17 17 17
12 15 13 17
12 5 14 17
12 15 19 17
12 11 16 17
12 16 8 17
12 13 19 16
12 11 19 16
12 7 19 16
255 255 255 7
